DIRECT_INFO 0 37 0 12.6862
MODE: Multi
100Hz
L 50 1000 17.0905
L 51 1000 17.2394
L 75 1 25.6669
L 76 10 25.8581
L 77 12 26.1867
L 78 7 26.3660
L 103 272 35.1027
L 104 34 35.2446
L 159 2 54.0595
L 160 1 54.4777
R 49 1000 16.7827
R 50 1000 16.9563
R 51 593 17.2099
R 56 117 19.0933
R 57 5 19.2700
R 77 6 26.2326
R 104 22 35.4455
R 105 8 35.6683
R 158 1 53.8075
R 159 7 54.0413
R 160 1 54.3891

200Hz
L 50 1000 17.0905
L 51 1000 17.2394
L 75 1 25.6669
L 76 10 25.8581
L 77 11 26.1867
L 78 7 26.3660
L 103 267 35.1027
L 104 33 35.2446
L 159 2 54.0595
L 160 1 54.4777
R 49 1000 16.7827
R 50 1000 16.9563
R 51 592 17.2099
R 56 122 19.0933
R 57 5 19.2700
R 77 6 26.2326
R 104 22 35.4455
R 105 8 35.6683
R 158 1 53.8075
R 159 7 54.0413
R 160 1 54.3891

400Hz
L 50 1000 17.0905
L 51 1000 17.2394
L 75 1 25.6669
L 76 8 25.8581
L 77 6 26.1867
L 78 7 26.3660
L 103 245 35.1027
L 104 31 35.2446
L 159 2 54.0595
L 160 1 54.4777
R 49 1000 16.7827
R 50 1000 16.9563
R 51 581 17.2099
R 56 122 19.0933
R 57 6 19.2700
R 77 5 26.2326
R 104 21 35.4455
R 105 7 35.6683
R 158 1 53.8075
R 159 6 54.0413
R 160 1 54.3891

800Hz
L 50 1000 17.0905
L 51 997 17.2394
L 75 1 25.6669
L 76 3 25.8581
L 77 8 26.1867
L 78 7 26.3660
L 103 188 35.1027
L 104 27 35.2446
L 159 1 54.0595
L 160 1 54.4777
R 49 1000 16.7827
R 50 1000 16.9563
R 51 564 17.2099
R 56 104 19.0933
R 57 5 19.2700
R 77 5 26.2326
R 104 20 35.4455
R 105 3 35.6683
R 158 1 53.8075
R 159 2 54.0413
R 160 1 54.3891

1600Hz
L 50 441 17.0905
L 51 556 17.2394
L 75 1 25.6669
L 76 0 25.8581
L 77 3 26.1867
L 78 6 26.3660
L 103 41 35.1027
L 104 22 35.2446
L 159 0 54.0595
L 160 1 54.4777
R 49 1000 16.7827
R 50 980 16.9563
R 51 502 17.2099
R 56 64 19.0933
R 57 2 19.2700
R 77 5 26.2326
R 104 16 35.4455
R 105 2 35.6683
R 158 1 53.8075
R 159 1 54.0413
R 160 1 54.3891

3200Hz
L 50 313 17.0905
L 51 222 17.2394
L 75 1 25.6669
L 76 3 25.8581
L 77 5 26.1867
L 78 4 26.3660
L 103 28 35.1027
L 104 18 35.2446
L 159 0 54.0595
L 160 0 54.4777
R 49 121 16.7827
R 50 600 16.9563
R 51 303 17.2099
R 56 43 19.0933
R 57 2 19.2700
R 77 3 26.2326
R 104 12 35.4455
R 105 2 35.6683
R 158 0 53.8075
R 159 1 54.0413
R 160 0 54.3891

6400Hz
L 50 62 17.0905
L 51 221 17.2394
L 75 0 25.6669
L 76 2 25.8581
L 77 1 26.1867
L 78 1 26.3660
L 103 8 35.1027
L 104 4 35.2446
L 159 0 54.0595
L 160 0 54.4777
R 49 185 16.7827
R 50 240 16.9563
R 51 69 17.2099
R 56 29 19.0933
R 57 1 19.2700
R 77 1 26.2326
R 104 7 35.4455
R 105 1 35.6683
R 158 0 53.8075
R 159 0 54.0413
R 160 0 54.3891

